26807 26732 75 20201103 1
26732 26635 97 20201102 1
26635 26511 124 20201101 1
26511 26385 126 20201031 1
26385 26271 114 20201030 1
26271 26146 125 20201029 1
26146 26043 103 20201028 1
26043 25955 88 20201027 1
25955 25836 119 20201026 1
25836 25775 61 20201025 1
25775 25698 77 20201024 1
25698 25543 155 20201023 1
25543 25424 119 20201022 1
25424 25333 91 20201021 1
25333 25275 58 20201020 1
25275 25199 76 20201019 1
25199 25108 91 20201018 1
25108 25035 73 20201017 1
25035 24988 47 20201016 1
24988 24889 99 20201015 0   데이터 자체가 틀림 1014확진자가 24878
24889 24805 84 20201014 1
24805 24703 102 20201013 0  1012 확진자가 두번 나옴(coronaboard.kr 보면 질병관리청 "보도자료" 기준이라고 함.. 보건복지부 API가 아니라.)
24703 24703 0 20201012 0
24703 24606 97 20201012
24606 24548 58 20201011
24548 24476 72 20201010
24476 24422 54 20201009
24422 24353 69 20201008
24353 24239 114 20201007
24239 24164 75 20201006
24164 24091 73 20201005
24091 24027 64 20201004
24027 23952 75 20201003
23952 23889 63 20201002
23889 23812 77 20201001
23812 23812 0 20200930
23812 23699 113 20200930
23699 23661 38 20200929
23661 23611 50 20200928
23611 23516 95 20200927
23516 23455 61 20200926
23455 23341 114 20200925
23341 23216 125 20200924
23216 23106 110 20200923
23106 23045 61 20200922
23045 22975 70 20200921
22975 22893 82 20200920
22893 22783 110 20200919
22783 22657 126 20200918
22657 22504 153 20200917
22504 22391 113 20200916
22391 22285 106 20200915
22285 22176 109 20200914
22176 22055 121 20200913
22055 21919 136 20200912
21919 21743 176 20200911
21743 21588 155 20200910
21588 21432 156 20200909
21432 21296 136 20200908
21296 21177 119 20200907
21177 21010 167 20200906
21010 20842 168 20200905
20842 20644 198 20200904
20644 20449 195 20200903
20449 20182 267 20200902
20182 19947 235 20200901
19947 19699 248 20200831
19699 19400 299 20200830
19400 19077 323 20200829
19077 18706 371 20200828
18706 18265 441 20200827
18265 17945 320 20200826
17945 17665 280 20200825
17665 17399 266 20200824
17399 17002 397 20200823
17002 16670 332 20200822
16670 16346 324 20200821
16346 16058 288 20200820
16058 15761 297 20200819
15761 15515 246 20200818
15515 15318 197 20200817
15318 15039 279 20200816
15039 14873 166 20200815
14873 14770 103 20200814
14770 14714 56 20200813
14714 14660 54 20200812
14660 14626 34 20200811
14626 14598 28 20200810
14598 14562 36 20200809
14562 14519 43 20200808
14519 14499 20 20200807
14499 14456 43 20200806
14456 14423 33 20200805
14423 14389 34 20200804
14389 14366 23 20200803
14366 14336 30 20200802
14336 14305 31 20200801
14305 14269 36 20200731
14269 14251 18 20200730
14251 14203 48 20200729
14203 14175 28 20200728
14175 14150 25 20200727
14150 14092 58 20200726
14092 13979 113 20200725
13979 13938 41 20200724
13938 13879 59 20200723
13879 13816 63 20200722
13816 13771 45 20200721
13771 13745 26 20200720
13745 13711 34 20200719
13711 13672 39 20200718
13672 13612 60 20200717
13612 13551 61 20200716
13551 13512 39 20200715
13512 13479 33 20200714
13479 13417 62 20200713
13417 13373 44 20200712
13373 13338 35 20200711
13338 13293 45 20200710
13293 13244 49 20200709
13244 13181 63 20200708
13181 13137 44 20200707
13137 13091 46 20200706
13091 13030 61 20200705
13030 12967 63 20200704
12967 12904 63 20200703
12904 12850 54 20200702
12850 12800 50 20200701
12800 12757 43 20200630
12757 12715 42 20200629
12715 12653 62 20200628
12653 12602 51 20200627
12602 12563 39 20200626
12563 12535 28 20200625
12535 12484 51 20200624
12484 12438 46 20200623
12438 12421 17 20200622
12421 12373 48 20200621
12373 12306 67 20200620
12306 12257 49 20200619
12257 12198 59 20200618
12198 12155 43 20200617
12155 12121 34 20200616
12121 12085 36 20200615
12085 12051 34 20200614
12051 12003 48 20200613
12003 11947 56 20200612
11947 11902 45 20200611
11902 11852 50 20200610
11852 11814 38 20200609
11814 11776 38 20200608
11776 11719 57 20200607
11719 11668 51 20200606
11668 11629 39 20200605
11629 11590 39 20200604
11590 11541 49 20200603
11541 11503 38 20200602
11503 11468 35 20200601
11468 11441 27 20200531
11441 11402 39 20200530
11402 11344 58 20200529
11344 11265 79 20200528
11265 11225 40 20200527
11225 11206 19 20200526
11206 11190 16 20200525
11190 11165 25 20200524
11165 11142 23 20200523
11142 11122 20 20200522
11122 11110 12 20200521
11110 11078 32 20200520
11078 11065 13 20200519
11065 11050 15 20200518
11050 11037 13 20200517
11037 11018 19 20200516
11018 10991 27 20200515
10991 10962 29 20200514
10962 10936 26 20200513
10936 10909 27 20200512
10909 10874 35 20200511
10874 10840 34 20200510
10840 10822 18 20200509
10822 10810 12 20200508
10810 10806 4 20200507
10806 10804 2 20200506
10804 10801 3 20200505
10801 10793 8 20200504
10793 10780 13 20200503
10780 10774 6 20200502
10774 10765 9 20200501
10765 10761 4 20200430
10761 10752 9 20200429
10752 10738 14 20200428
10738 10728 10 20200427
10728 10718 10 20200426
10718 10718 0 20200425
10718 12801 -2083 20200425
12801 10708 2093 20200425
10708 10702 6 20200424
10702 10694 8 20200423
10694 10683 11 20200422
10683 10674 9 20200421
10674 10661 13 20200420
10661 10653 8 20200419
10653 10635 18 20200418
10635 10613 22 20200417
10613 10591 22 20200416
10591 10564 27 20200415
10564 10537 27 20200414
10537 10512 25 20200413
10512 10480 32 20200412
10480 10450 30 20200411
10450 10423 27 20200410
10423 10384 39 20200409
10384 10331 53 20200408
10331 10284 47 20200407
10284 10237 47 20200406
10237 10156 81 20200405
10156 10062 94 20200404
10062 9976 86 20200403
9976 9976 0 20200402
9976 9887 89 20200402
9887 9786 101 20200401
9786 9661 125 20200331
9661 9583 78 20200330
9583 9478 105 20200329
9478 9332 146 20200328
9332 9241 91 20200327
9241 9137 104 20200326
9137 9037 100 20200325
9037 9037 0 20200324
9037 8961 76 20200324
8961 8897 64 20200323
8897 8799 98 20200322
8799 8652 147 20200321
8652 8565 87 20200320
8565 8413 152 20200319
8413 8320 93 20200318
8320 8236 84 20200317
8236 8162 74 20200316
8162 8086 76 20200315
8086 7979 107 20200314
7979 7869 110 20200313
7869 7755 114 20200312
7755 7513 242 20200311
7513 7382 131 20200310
7382 7134 248 20200309
7134 6767 367 20200308
6767 6284 483 20200307
6284 5766 518 20200306
5766 5328 438 20200305
5328 4812 516 20200304
4812 4212 600 20200303
4212 3736 476 20200302
3736 3526 210 20200301
3526 3150 376 20200301
3150 2931 219 20200229
2931 2337 594 20200229
2337 2022 315 20200228
2022 1766 256 20200228
1766 1595 171 20200227
1595 1261 334 20200227
1261 1146 115 20200226
1146 977 169 20200226
977 893 84 20200225
893 833 60 20200225
833 763 70 20200224
763 602 161 20200224
602 556 46 20200223
556 433 123 20200223
433 346 87 20200222
346 204 142 20200222
204 204 0 20200221
204 156 48 20200221
156 104 52 20200221
104 82 22 20200220
82 51 31 20200220
51 46 5 20200219
46 31 15 20200219
31 31 0 20200218
31 31 0 20200218
31 30 1 20200218
30 30 0 20200217
30 29 1 20200217
29 29 0 20200216
29 28 1 20200216
28 28 0 20200215
28 28 0 20200215
28 28 0 20200214
28 28 0 20200214
28 28 0 20200213
28 28 0 20200213
28 28 0 20200212
28 28 0 20200212
28 28 0 20200211
28 27 1 20200211
27 27 0 20200210
27 27 0 20200210
27 25 2 20200209
25 24 1 20200209
24 24 0 20200208
24 24 0 20200208
24 24 0 20200208